% # columns="iteration, evaluation, min max(neg(.)) min(pos(.)) max correlation, correlation matrix principal axes lengths  (sorted square roots of eigenvalues of correlation matrix)", seed=845556, Mon Nov  4 16:00:26 2024
1 7 -0.00793663644816048 0.02956255865703094 0.2555721588782607 0.29340949718014586 0.8190510327803877 1.0031074061325609 1.150187348853823
2 14 -0.00793663644816048 0.02956255865703094 0.2555721588782607 0.29340949718014586 0.8190510327803877 1.0031074061325609 1.150187348853823
3 21 -0.00793663644816048 0.02956255865703094 0.2555721588782607 0.29340949718014586 0.8190510327803877 1.0031074061325609 1.150187348853823
4 28 -0.11583074037014139 -0.0223975124494427 0.33977452616644344 0.36706531111770674 0.701573532298345 1.0526325368118032 1.1831142469024585
5 35 -0.11583074037014139 -0.0223975124494427 0.33977452616644344 0.36706531111770674 0.701573532298345 1.0526325368118032 1.1831142469024585
6 42 -0.11583074037014139 -0.0223975124494427 0.33977452616644344 0.36706531111770674 0.701573532298345 1.0526325368118032 1.1831142469024585
7 49 -0.4266854449716552 -0.29958440765476246 0.27642413857779413 0.3413259500050869 0.6418855125198185 1.039054728027237 1.2281483057763891
8 56 -0.4266854449716552 -0.29958440765476246 0.27642413857779413 0.3413259500050869 0.6418855125198185 1.039054728027237 1.2281483057763891
9 63 -0.4266854449716552 -0.29958440765476246 0.27642413857779413 0.3413259500050869 0.6418855125198185 1.039054728027237 1.2281483057763891
10 70 -0.5233547279746102 -0.34647089620143384 0.18594968090030875 0.18653937482771327 0.6065709468297513 1.0529534085657117 1.2342450347689915
11 77 -0.5233547279746102 -0.34647089620143384 0.18594968090030875 0.18653937482771327 0.6065709468297513 1.0529534085657117 1.2342450347689915
12 84 -0.5233547279746102 -0.34647089620143384 0.18594968090030875 0.18653937482771327 0.6065709468297513 1.0529534085657117 1.2342450347689915
13 91 -0.6376367192942541 -0.4454784139707869 0.20369200381620547 0.22792383775506897 0.52278541923463 1.039792371040219 1.2827810532441741
14 98 -0.6376367192942541 -0.4454784139707869 0.20369200381620547 0.22792383775506897 0.52278541923463 1.039792371040219 1.2827810532441741
15 105 -0.6376367192942541 -0.4454784139707869 0.20369200381620547 0.22792383775506897 0.52278541923463 1.039792371040219 1.2827810532441741
16 112 -0.48275703218396837 -0.3570157094729013 0.24603652806852436 0.32131261787126575 0.6408141407646063 1.0092763042232067 1.2532831199412462
17 119 -0.48275703218396837 -0.3570157094729013 0.24603652806852436 0.32131261787126575 0.6408141407646063 1.0092763042232067 1.2532831199412462
18 126 -0.48275703218396837 -0.3570157094729013 0.24603652806852436 0.32131261787126575 0.6408141407646063 1.0092763042232067 1.2532831199412462
19 133 -0.4666272574255881 -0.3332109290385312 0.19569986530595368 0.23858713503372514 0.6683588393560222 1.0266625727429808 1.2244429033578637
20 140 -0.4666272574255881 -0.3332109290385312 0.19569986530595368 0.23858713503372514 0.6683588393560222 1.0266625727429808 1.2244429033578637
21 147 -0.4666272574255881 -0.3332109290385312 0.19569986530595368 0.23858713503372514 0.6683588393560222 1.0266625727429808 1.2244429033578637
22 154 -0.5481225095643867 -0.37435341915829307 0.1534015785020466 0.15555082064939954 0.6150449107087955 1.0361101694291852 1.244265033912243
23 161 -0.5481225095643867 -0.37435341915829307 0.1534015785020466 0.15555082064939954 0.6150449107087955 1.0361101694291852 1.244265033912243
24 168 -0.5481225095643867 -0.37435341915829307 0.1534015785020466 0.15555082064939954 0.6150449107087955 1.0361101694291852 1.244265033912243
25 175 -0.5681542395727319 -0.37551624316331433 0.22944813465624747 0.2384649308533505 0.5422928839928298 1.0660302789140064 1.2527960218683907
26 182 -0.5681542395727319 -0.37551624316331433 0.22944813465624747 0.2384649308533505 0.5422928839928298 1.0660302789140064 1.2527960218683907
27 189 -0.5681542395727319 -0.37551624316331433 0.22944813465624747 0.2384649308533505 0.5422928839928298 1.0660302789140064 1.2527960218683907
28 196 -0.6784272901389985 -0.48215507114162415 0.22193714385702154 0.26036232985919566 0.4825274835901632 1.0346510040958643 1.3025607576245972
29 203 -0.6784272901389985 -0.48215507114162415 0.22193714385702154 0.26036232985919566 0.4825274835901632 1.0346510040958643 1.3025607576245972
30 210 -0.6784272901389985 -0.48215507114162415 0.22193714385702154 0.26036232985919566 0.4825274835901632 1.0346510040958643 1.3025607576245972
31 217 -0.540683020311272 -0.3636834040270416 0.3709285723953649 0.4387996149186033 0.4650833870253786 1.0785568534917664 1.2729542634749065
32 224 -0.540683020311272 -0.3636834040270416 0.3709285723953649 0.4387996149186033 0.4650833870253786 1.0785568534917664 1.2729542634749065
33 231 -0.540683020311272 -0.3636834040270416 0.3709285723953649 0.4387996149186033 0.4650833870253786 1.0785568534917664 1.2729542634749065
34 238 -0.4378489803696062 -0.27498676504236824 0.44996842936594916 0.5287579455081504 0.4468623040127988 1.0995410573355748 1.2614767316465805
35 245 -0.4378489803696062 -0.27498676504236824 0.44996842936594916 0.5287579455081504 0.4468623040127988 1.0995410573355748 1.2614767316465805
36 252 -0.4378489803696062 -0.27498676504236824 0.44996842936594916 0.5287579455081504 0.4468623040127988 1.0995410573355748 1.2614767316465805
37 259 -0.3451518631403141 -0.19840082965144165 0.4756901527464781 0.5536361133902455 0.4726229422005608 1.1000296978378374 1.2516238326192424
38 266 -0.3451518631403141 -0.19840082965144165 0.4756901527464781 0.5536361133902455 0.4726229422005608 1.1000296978378374 1.2516238326192424
39 273 -0.3451518631403141 -0.19840082965144165 0.4756901527464781 0.5536361133902455 0.4726229422005608 1.1000296978378374 1.2516238326192424
40 280 -0.5701128535109956 -0.39086453505367014 0.446286431711604 0.5460884355093699 0.3657153063215321 1.0708568044700233 1.3113039384682703
41 287 -0.5701128535109956 -0.39086453505367014 0.446286431711604 0.5460884355093699 0.3657153063215321 1.0708568044700233 1.3113039384682703
42 294 -0.5701128535109956 -0.39086453505367014 0.446286431711604 0.5460884355093699 0.3657153063215321 1.0708568044700233 1.3113039384682703
43 301 -0.2971004795812985 -0.1605537551684874 0.5758485272203142 0.684769230270437 0.37598192037642547 1.082531361842972 1.2987545750358134
44 308 -0.2971004795812985 -0.1605537551684874 0.5758485272203142 0.684769230270437 0.37598192037642547 1.082531361842972 1.2987545750358134
45 315 -0.2971004795812985 -0.1605537551684874 0.5758485272203142 0.684769230270437 0.37598192037642547 1.082531361842972 1.2987545750358134
46 322 -0.2597274380155359 -0.15397030533348072 0.6178074321137101 0.7693095452473853 0.35745254394811915 1.0471112896341614 1.3325860669936864
47 329 -0.2597274380155359 -0.15397030533348072 0.6178074321137101 0.7693095452473853 0.35745254394811915 1.0471112896341614 1.3325860669936864
48 336 -0.2597274380155359 -0.15397030533348072 0.6178074321137101 0.7693095452473853 0.35745254394811915 1.0471112896341614 1.3325860669936864
49 343 -0.1439514457040012 -0.027262289151387953 0.560489353701271 0.6397174114328774 0.46776384148839745 1.0555002748711724 1.2911685243773938
50 350 -0.1439514457040012 -0.027262289151387953 0.560489353701271 0.6397174114328774 0.46776384148839745 1.0555002748711724 1.2911685243773938
51 357 -0.1439514457040012 -0.027262289151387953 0.560489353701271 0.6397174114328774 0.46776384148839745 1.0555002748711724 1.2911685243773938
52 364 -0.4814481003434221 -0.31486006181233456 0.43163950033771253 0.513884649189974 0.4443685685952424 1.0883240512864052 1.2720406183122304
53 371 -0.4814481003434221 -0.31486006181233456 0.43163950033771253 0.513884649189974 0.4443685685952424 1.0883240512864052 1.2720406183122304
54 378 -0.4814481003434221 -0.31486006181233456 0.43163950033771253 0.513884649189974 0.4443685685952424 1.0883240512864052 1.2720406183122304
55 385 -0.5797087868660168 -0.36636957401602177 0.35637172476359874 0.38394627817347726 0.40149664623005166 1.1154684431517599 1.2627472412951886
56 392 -0.5797087868660168 -0.36636957401602177 0.35637172476359874 0.38394627817347726 0.40149664623005166 1.1154684431517599 1.2627472412951886
57 399 -0.5797087868660168 -0.36636957401602177 0.35637172476359874 0.38394627817347726 0.40149664623005166 1.1154684431517599 1.2627472412951886
58 406 -0.789094529823544 -0.5669642898340778 0.24699677159101766 0.29618688540991656 0.34744326508653334 1.0319418440102066 1.346988941352832
59 413 -0.789094529823544 -0.5669642898340778 0.24699677159101766 0.29618688540991656 0.34744326508653334 1.0319418440102066 1.346988941352832
60 420 -0.789094529823544 -0.5669642898340778 0.24699677159101766 0.29618688540991656 0.34744326508653334 1.0319418440102066 1.346988941352832
61 427 -0.6865849195709854 -0.49792848725978167 0.3962486072753312 0.5056512064758317 0.33760805345462375 1.031959512039883 1.349474107848308
62 434 -0.6865849195709854 -0.49792848725978167 0.3962486072753312 0.5056512064758317 0.33760805345462375 1.031959512039883 1.349474107848308
63 441 -0.6865849195709854 -0.49792848725978167 0.3962486072753312 0.5056512064758317 0.33760805345462375 1.031959512039883 1.349474107848308
64 448 -0.6088538726875957 -0.4364963706762444 0.4683163905078633 0.5975631422245479 0.32506047291049056 1.039500728772015 1.3467642421127974
65 455 -0.6088538726875957 -0.4364963706762444 0.4683163905078633 0.5975631422245479 0.32506047291049056 1.039500728772015 1.3467642421127974
66 462 -0.6088538726875957 -0.4364963706762444 0.4683163905078633 0.5975631422245479 0.32506047291049056 1.039500728772015 1.3467642421127974
67 469 -0.12222148357642623 -0.01618383999577859 0.6918586721596808 0.8218351992975196 0.28187793323719307 1.038376107716122 1.3573208499386742
68 476 -0.12222148357642623 -0.01618383999577859 0.6918586721596808 0.8218351992975196 0.28187793323719307 1.038376107716122 1.3573208499386742
69 483 -0.12222148357642623 -0.01618383999577859 0.6918586721596808 0.8218351992975196 0.28187793323719307 1.038376107716122 1.3573208499386742
70 490 -0.15009809170242072 -0.05038504467846852 0.6695481335698272 0.8098128126286404 0.31841727000227854 1.0404108459337431 1.3476482159034417
71 497 -0.15009809170242072 -0.05038504467846852 0.6695481335698272 0.8098128126286404 0.31841727000227854 1.0404108459337431 1.3476482159034417
72 504 -0.15009809170242072 -0.05038504467846852 0.6695481335698272 0.8098128126286404 0.31841727000227854 1.0404108459337431 1.3476482159034417
73 511 0.1842184923291143 0.23946969437608162 0.789240632083724 0.9172464092726375 0.23261888563823707 0.9305587530376345 1.4422027808839737
74 518 0.1842184923291143 0.23946969437608162 0.789240632083724 0.9172464092726375 0.23261888563823707 0.9305587530376345 1.4422027808839737
75 525 0.1842184923291143 0.23946969437608162 0.789240632083724 0.9172464092726375 0.23261888563823707 0.9305587530376345 1.4422027808839737
76 532 0.04757920652883198 0.10726165914797138 0.7696230007208271 0.9307276619593062 0.1967034672080039 0.9865605651703534 1.4099666652935818
77 539 0.04757920652883198 0.10726165914797138 0.7696230007208271 0.9307276619593062 0.1967034672080039 0.9865605651703534 1.4099666652935818
78 546 0.04757920652883198 0.10726165914797138 0.7696230007208271 0.9307276619593062 0.1967034672080039 0.9865605651703534 1.4099666652935818
79 553 0.476807215601477 0.5195724973130449 0.8360266709306898 0.8987461137583368 0.27550518388868883 0.7480850596853003 1.5376819037519112
80 560 0.476807215601477 0.5195724973130449 0.8360266709306898 0.8987461137583368 0.27550518388868883 0.7480850596853003 1.5376819037519112
81 567 0.476807215601477 0.5195724973130449 0.8360266709306898 0.8987461137583368 0.27550518388868883 0.7480850596853003 1.5376819037519112
82 574 0.6727427018489707 0.6860933417644133 0.7348789819807806 0.7377902221374606 0.4973699034515529 0.5725397471997371 1.5571838096438884
83 581 0.6727427018489707 0.6860933417644133 0.7348789819807806 0.7377902221374606 0.4973699034515529 0.5725397471997371 1.5571838096438884
84 588 0.6727427018489707 0.6860933417644133 0.7348789819807806 0.7377902221374606 0.4973699034515529 0.5725397471997371 1.5571838096438884
85 595 0.44139771170136666 0.4572561695715702 0.6295636721205844 0.6711410484333856 0.5683534019049477 0.7697839898053648 1.4437475608922796
86 602 0.44139771170136666 0.4572561695715702 0.6295636721205844 0.6711410484333856 0.5683534019049477 0.7697839898053648 1.4437475608922796
87 609 0.44139771170136666 0.4572561695715702 0.6295636721205844 0.6711410484333856 0.5683534019049477 0.7697839898053648 1.4437475608922796
88 616 0.23688432892170608 0.29967604888038757 0.5815237621141827 0.6126812799000997 0.5665635732845817 0.8777133791141092 1.3815299278521254
89 623 0.23688432892170608 0.29967604888038757 0.5815237621141827 0.6126812799000997 0.5665635732845817 0.8777133791141092 1.3815299278521254
90 630 0.23688432892170608 0.29967604888038757 0.5815237621141827 0.6126812799000997 0.5665635732845817 0.8777133791141092 1.3815299278521254
91 637 0.37109001216028126 0.41668347726979205 0.5704868690550131 0.5761612012072426 0.604081198913343 0.7933700148663787 1.4162097036210208
92 644 0.37109001216028126 0.41668347726979205 0.5704868690550131 0.5761612012072426 0.604081198913343 0.7933700148663787 1.4162097036210208
93 651 0.37109001216028126 0.41668347726979205 0.5704868690550131 0.5761612012072426 0.604081198913343 0.7933700148663787 1.4162097036210208
94 658 0.3498144414602624 0.39837332682993654 0.7083017580579822 0.7630523497643233 0.4495985011607123 0.8219634477827326 1.4567900597763437
95 665 0.3498144414602624 0.39837332682993654 0.7083017580579822 0.7630523497643233 0.4495985011607123 0.8219634477827326 1.4567900597763437
96 672 0.3498144414602624 0.39837332682993654 0.7083017580579822 0.7630523497643233 0.4495985011607123 0.8219634477827326 1.4567900597763437
97 679 0.6086477907205113 0.6245638284613177 0.7624258910607711 0.7924638741864491 0.447668443557773 0.6437640788433142 1.5443965732393932
98 686 0.6086477907205113 0.6245638284613177 0.7624258910607711 0.7924638741864491 0.447668443557773 0.6437640788433142 1.5443965732393932
99 693 0.6086477907205113 0.6245638284613177 0.7624258910607711 0.7924638741864491 0.447668443557773 0.6437640788433142 1.5443965732393932
100 700 0.4483371406982955 0.48460837427247816 0.7139763953060094 0.7541611687430039 0.470184420343392 0.7568633996730086 1.485289333800578
101 707 0.4483371406982955 0.48460837427247816 0.7139763953060094 0.7541611687430039 0.470184420343392 0.7568633996730086 1.485289333800578
102 714 0.4483371406982955 0.48460837427247816 0.7139763953060094 0.7541611687430039 0.470184420343392 0.7568633996730086 1.485289333800578
103 721 0.5689357721081525 0.5956840364279948 0.721669037795647 0.7369157739316887 0.48941820769939237 0.6609857007164376 1.5243253331952187
104 728 0.5689357721081525 0.5956840364279948 0.721669037795647 0.7369157739316887 0.48941820769939237 0.6609857007164376 1.5243253331952187
105 735 0.5689357721081525 0.5956840364279948 0.721669037795647 0.7369157739316887 0.48941820769939237 0.6609857007164376 1.5243253331952187
106 742 0.4676674366597537 0.4796676715664126 0.6804931154796395 0.7354346952107229 0.511621542632575 0.7640646261607655 1.4678040210341683
107 749 0.4676674366597537 0.4796676715664126 0.6804931154796395 0.7354346952107229 0.511621542632575 0.7640646261607655 1.4678040210341683
108 756 0.4676674366597537 0.4796676715664126 0.6804931154796395 0.7354346952107229 0.511621542632575 0.7640646261607655 1.4678040210341683
109 763 0.3704237304756182 0.396185501463422 0.6495640602776263 0.7082618088945571 0.5295712563421278 0.8190172241736277 1.431350785434216
110 770 0.3704237304756182 0.396185501463422 0.6495640602776263 0.7082618088945571 0.5295712563421278 0.8190172241736277 1.431350785434216
111 777 0.3704237304756182 0.396185501463422 0.6495640602776263 0.7082618088945571 0.5295712563421278 0.8190172241736277 1.431350785434216
112 784 0.22624684334975703 0.2459754838938351 0.623223061683271 0.7292436137356715 0.5156288700364866 0.9195773362078612 1.3742286531424643
113 791 0.22624684334975703 0.2459754838938351 0.623223061683271 0.7292436137356715 0.5156288700364866 0.9195773362078612 1.3742286531424643
114 798 0.22624684334975703 0.2459754838938351 0.623223061683271 0.7292436137356715 0.5156288700364866 0.9195773362078612 1.3742286531424643
115 805 0.26116977221369825 0.27923175208350026 0.6470794990249868 0.751633434802347 0.4942456227668613 0.9031762423715328 1.3928366521568263
116 812 0.26116977221369825 0.27923175208350026 0.6470794990249868 0.751633434802347 0.4942456227668613 0.9031762423715328 1.3928366521568263
117 819 0.26116977221369825 0.27923175208350026 0.6470794990249868 0.751633434802347 0.4942456227668613 0.9031762423715328 1.3928366521568263
118 826 0.23903212037805632 0.2565126946175824 0.6167030428853894 0.7192859180684656 0.5260853726211523 0.9136092899004487 1.3742460646193102
119 833 0.23903212037805632 0.2565126946175824 0.6167030428853894 0.7192859180684656 0.5260853726211523 0.9136092899004487 1.3742460646193102
120 840 0.23903212037805632 0.2565126946175824 0.6167030428853894 0.7192859180684656 0.5260853726211523 0.9136092899004487 1.3742460646193102
121 847 0.20717992422870216 0.22721612283813397 0.5906883266466494 0.6918095293067228 0.5503792809532895 0.9268304800986894 1.3557536311060991
122 854 0.20717992422870216 0.22721612283813397 0.5906883266466494 0.6918095293067228 0.5503792809532895 0.9268304800986894 1.3557536311060991
123 861 0.20717992422870216 0.22721612283813397 0.5906883266466494 0.6918095293067228 0.5503792809532895 0.9268304800986894 1.3557536311060991
124 868 0.12569100574644476 0.18200853245952842 0.5134196781189492 0.567572533292339 0.619409558819748 0.9425444020381716 1.314512019203031
125 875 0.12569100574644476 0.18200853245952842 0.5134196781189492 0.567572533292339 0.619409558819748 0.9425444020381716 1.314512019203031
126 882 0.12569100574644476 0.18200853245952842 0.5134196781189492 0.567572533292339 0.619409558819748 0.9425444020381716 1.314512019203031
127 889 0.20259870886010278 0.2246402170883991 0.3575744730000276 0.3798443834089408 0.7771164880416918 0.8988371560838126 1.2602308244353142
128 896 0.20259870886010278 0.2246402170883991 0.3575744730000276 0.3798443834089408 0.7771164880416918 0.8988371560838126 1.2602308244353142
129 903 0.20259870886010278 0.2246402170883991 0.3575744730000276 0.3798443834089408 0.7771164880416918 0.8988371560838126 1.2602308244353142
130 910 0.12102381636549837 0.12167154329895516 0.17051818892390175 0.1861526771987605 0.9021172893133899 0.9469265653474588 1.1355679090926822
131 917 0.12102381636549837 0.12167154329895516 0.17051818892390175 0.1861526771987605 0.9021172893133899 0.9469265653474588 1.1355679090926822
132 924 0.12102381636549837 0.12167154329895516 0.17051818892390175 0.1861526771987605 0.9021172893133899 0.9469265653474588 1.1355679090926822
133 931 -0.3247911001609811 -0.22022211090935118 0.13618627408673314 0.15042007983379796 0.774829480047662 1.0340032798817207 1.1534628273346799
134 938 -0.3247911001609811 -0.22022211090935118 0.13618627408673314 0.15042007983379796 0.774829480047662 1.0340032798817207 1.1534628273346799
135 945 -0.3247911001609811 -0.22022211090935118 0.13618627408673314 0.15042007983379796 0.774829480047662 1.0340032798817207 1.1534628273346799
136 952 -0.04353030963212505 -0.042075110395768806 0.23961905104236253 0.33206190561871674 0.8172431159259496 0.9951854923824099 1.158326173935142
137 959 -0.04353030963212505 -0.042075110395768806 0.23961905104236253 0.33206190561871674 0.8172431159259496 0.9951854923824099 1.158326173935142
138 966 -0.04353030963212505 -0.042075110395768806 0.23961905104236253 0.33206190561871674 0.8172431159259496 0.9951854923824099 1.158326173935142
139 973 -0.6023863480053233 -0.5878553091997742 0.4234952115217836 0.7460810129567538 0.49851142131579396 0.6969210598575323 1.5052532674419816
140 980 -0.6023863480053233 -0.5878553091997742 0.4234952115217836 0.7460810129567538 0.49851142131579396 0.6969210598575323 1.5052532674419816
141 987 -0.6023863480053233 -0.5878553091997742 0.4234952115217836 0.7460810129567538 0.49851142131579396 0.6969210598575323 1.5052532674419816
142 994 -0.4448788904987443 -0.42828027601959895 0.5448900527515202 0.8526815478627479 0.3794298404332584 0.8413384829515798 1.4656679546519151
143 1001 -0.4448788904987443 -0.42828027601959895 0.5448900527515202 0.8526815478627479 0.3794298404332584 0.8413384829515798 1.4656679546519151
144 1008 -0.4448788904987443 -0.42828027601959895 0.5448900527515202 0.8526815478627479 0.3794298404332584 0.8413384829515798 1.4656679546519151
145 1015 -0.7272590916084596 -0.7133478027472525 0.531107763582123 0.9320149968307078 0.25342976426318936 0.6133180736487573 1.5998794626850117
146 1022 -0.7272590916084596 -0.7133478027472525 0.531107763582123 0.9320149968307078 0.25342976426318936 0.6133180736487573 1.5998794626850117
147 1029 -0.7272590916084596 -0.7133478027472525 0.531107763582123 0.9320149968307078 0.25342976426318936 0.6133180736487573 1.5998794626850117
148 1036 -0.6685558011538507 -0.6644687805866583 0.5674640523939575 0.9740213094869703 0.16038993000231852 0.6587681425803285 1.5938317366256434
149 1043 -0.6685558011538507 -0.6644687805866583 0.5674640523939575 0.9740213094869703 0.16038993000231852 0.6587681425803285 1.5938317366256434
150 1050 -0.6685558011538507 -0.6644687805866583 0.5674640523939575 0.9740213094869703 0.16038993000231852 0.6587681425803285 1.5938317366256434
151 1057 -0.4299044203582536 -0.42291221932056533 0.639576043099947 0.9867465962024294 0.11301192617771759 0.8521164960270742 1.5037040206570382
152 1064 -0.4299044203582536 -0.42291221932056533 0.639576043099947 0.9867465962024294 0.11301192617771759 0.8521164960270742 1.5037040206570382
153 1071 -0.4299044203582536 -0.42291221932056533 0.639576043099947 0.9867465962024294 0.11301192617771759 0.8521164960270742 1.5037040206570382
154 1078 -0.1890180453470408 -0.1828689133091752 0.6989001420438391 0.9866740284569783 0.11405848214915246 0.9698538703698182 1.4305153381835913
155 1085 -0.1890180453470408 -0.1828689133091752 0.6989001420438391 0.9866740284569783 0.11405848214915246 0.9698538703698182 1.4305153381835913
156 1092 -0.1890180453470408 -0.1828689133091752 0.6989001420438391 0.9866740284569783 0.11405848214915246 0.9698538703698182 1.4305153381835913
157 1099 -0.5944558486695327 -0.5826394643172705 0.608074100407783 0.9931622376305386 0.07185508993794865 0.7418727319099752 1.5634774369009743
158 1106 -0.5944558486695327 -0.5826394643172705 0.608074100407783 0.9931622376305386 0.07185508993794865 0.7418727319099752 1.5634774369009743
159 1113 -0.5944558486695327 -0.5826394643172705 0.608074100407783 0.9931622376305386 0.07185508993794865 0.7418727319099752 1.5634774369009743
160 1120 -0.8306952167928026 -0.8267999312997155 0.5445777808932277 0.9978083994644552 0.04256598736638953 0.4827791731479027 1.662862714325555
161 1127 -0.8306952167928026 -0.8267999312997155 0.5445777808932277 0.9978083994644552 0.04256598736638953 0.4827791731479027 1.662862714325555
162 1134 -0.8306952167928026 -0.8267999312997155 0.5445777808932277 0.9978083994644552 0.04256598736638953 0.4827791731479027 1.662862714325555
163 1141 -0.9265984086839967 -0.9264380951783541 0.5180723836602775 0.9994155631008454 0.024144936264973795 0.31253628762606966 1.7034488812317428
164 1148 -0.9265984086839967 -0.9264380951783541 0.5180723836602775 0.9994155631008454 0.024144936264973795 0.31253628762606966 1.7034488812317428
165 1155 -0.9265984086839967 -0.9264380951783541 0.5180723836602775 0.9994155631008454 0.024144936264973795 0.31253628762606966 1.7034488812317428
166 1162 -0.9523433454442028 -0.9522011888087685 0.5118620046274983 0.9997409124708196 0.016042159558048483 0.25231080821468077 1.7134998993798536
167 1169 -0.9523433454442028 -0.9522011888087685 0.5118620046274983 0.9997409124708196 0.016042159558048483 0.25231080821468077 1.7134998993798536
168 1176 -0.9523433454442028 -0.9522011888087685 0.5118620046274983 0.9997409124708196 0.016042159558048483 0.25231080821468077 1.7134998993798536
169 1183 -0.9515003846721007 -0.951425272725512 0.5120768429714352 0.9998357695904955 0.012796616956260625 0.25422466583402675 1.7132443100375532
170 1190 -0.9515003846721007 -0.951425272725512 0.5120768429714352 0.9998357695904955 0.012796616956260625 0.25422466583402675 1.7132443100375532
171 1197 -0.9515003846721007 -0.951425272725512 0.5120768429714352 0.9998357695904955 0.012796616956260625 0.25422466583402675 1.7132443100375532
172 1204 -0.9625995702586306 -0.9625803972714617 0.5092837885479833 0.9998860108339624 0.010674690707136348 0.22310012458723183 1.7175891200713482
173 1211 -0.9625995702586306 -0.9625803972714617 0.5092837885479833 0.9998860108339624 0.010674690707136348 0.22310012458723183 1.7175891200713482
174 1218 -0.9625995702586306 -0.9625803972714617 0.5092837885479833 0.9998860108339624 0.010674690707136348 0.22310012458723183 1.7175891200713482
175 1225 -0.9851148358309965 -0.9850544816117279 0.5037527587128691 0.9999614846017996 0.006126550321311563 0.14134762361107256 1.7262628173834547
176 1232 -0.9851148358309965 -0.9850544816117279 0.5037527587128691 0.9999614846017996 0.006126550321311563 0.14134762361107256 1.7262628173834547
177 1239 -0.9851148358309965 -0.9850544816117279 0.5037527587128691 0.9999614846017996 0.006126550321311563 0.14134762361107256 1.7262628173834547
178 1246 -0.9865901571712609 -0.9865640680206715 0.5033595765590004 0.9999747022683019 0.005009365382402343 0.1338939753043139 1.726860535664555
179 1253 -0.9865901571712609 -0.9865640680206715 0.5033595765590004 0.9999747022683019 0.005009365382402343 0.1338939753043139 1.726860535664555
180 1260 -0.9865901571712609 -0.9865640680206715 0.5033595765590004 0.9999747022683019 0.005009365382402343 0.1338939753043139 1.726860535664555
181 1267 -0.9857652385424933 -0.985719154252701 0.5035873010243744 0.9999767018269405 0.004764452241382395 0.13813056523276845 1.7265275112037213
182 1274 -0.9857652385424933 -0.985719154252701 0.5035873010243744 0.9999767018269405 0.004764452241382395 0.13813056523276845 1.7265275112037213
183 1281 -0.9857652385424933 -0.985719154252701 0.5035873010243744 0.9999767018269405 0.004764452241382395 0.13813056523276845 1.7265275112037213
184 1288 -0.9808849438352617 -0.9808630800174545 0.5047878624296103 0.9999829794274913 0.00411335820821406 0.15972432716755242 1.7246655384726408
185 1295 -0.9808849438352617 -0.9808630800174545 0.5047878624296103 0.9999829794274913 0.00411335820821406 0.15972432716755242 1.7246655384726408
186 1302 -0.9808849438352617 -0.9808630800174545 0.5047878624296103 0.9999829794274913 0.00411335820821406 0.15972432716755242 1.7246655384726408
187 1309 -0.9815488499034719 -0.9815476560425231 0.504602442695085 0.9999846150800058 0.003922321749890685 0.1567609220491507 1.7249378622751577
188 1316 -0.9815488499034719 -0.9815476560425231 0.504602442695085 0.9999846150800058 0.003922321749890685 0.1567609220491507 1.7249378622751577
189 1323 -0.9815488499034719 -0.9815476560425231 0.504602442695085 0.9999846150800058 0.003922321749890685 0.1567609220491507 1.7249378622751577
190 1330 -0.9689416943637013 -0.968904558406448 0.5077898279592704 0.9999841541239232 0.003958004154734108 0.20354664930409094 1.7200445040056926
191 1337 -0.9689416943637013 -0.968904558406448 0.5077898279592704 0.9999841541239232 0.003958004154734108 0.20354664930409094 1.7200445040056926
192 1344 -0.9689416943637013 -0.968904558406448 0.5077898279592704 0.9999841541239232 0.003958004154734108 0.20354664930409094 1.7200445040056926
193 1351 -0.9755914675421244 -0.9755467582868294 0.5061358653657477 0.999985363994645 0.0037822460210886946 0.18059345108402403 1.7226060780226564
194 1358 -0.9755914675421244 -0.9755467582868294 0.5061358653657477 0.999985363994645 0.0037822460210886946 0.18059345108402403 1.7226060780226564
195 1365 -0.9755914675421244 -0.9755467582868294 0.5061358653657477 0.999985363994645 0.0037822460210886946 0.18059345108402403 1.7226060780226564
196 1372 -0.9799276252610738 -0.9798958976423277 0.5050378778820357 0.9999840754380774 0.003965148311498677 0.16374411191416946 1.724288880498946
197 1379 -0.9799276252610738 -0.9798958976423277 0.5050378778820357 0.9999840754380774 0.003965148311498677 0.16374411191416946 1.724288880498946
198 1386 -0.9799276252610738 -0.9798958976423277 0.5050378778820357 0.9999840754380774 0.003965148311498677 0.16374411191416946 1.724288880498946
199 1393 -0.9807686706828209 -0.9807437104267709 0.5048197959848799 0.9999826711993801 0.004147068739605592 0.16023332669971013 1.7246182426367906
200 1400 -0.9807686706828209 -0.9807437104267709 0.5048197959848799 0.9999826711993801 0.004147068739605592 0.16023332669971013 1.7246182426367906
201 1407 -0.9807686706828209 -0.9807437104267709 0.5048197959848799 0.9999826711993801 0.004147068739605592 0.16023332669971013 1.7246182426367906
202 1414 -0.980054687130957 -0.9800198708978015 0.5050056683919909 0.9999793652554329 0.004515506055237562 0.16324769671443964 1.7243345962203789
203 1421 -0.980054687130957 -0.9800198708978015 0.5050056683919909 0.9999793652554329 0.004515506055237562 0.16324769671443964 1.7243345962203789
204 1428 -0.980054687130957 -0.9800198708978015 0.5050056683919909 0.9999793652554329 0.004515506055237562 0.16324769671443964 1.7243345962203789
205 1435 -0.9788810211015518 -0.978860939577796 0.5052818975272526 0.9999760950385129 0.004881375334014083 0.1678409216733284 1.7238925712429694
206 1442 -0.9788810211015518 -0.978860939577796 0.5052818975272526 0.9999760950385129 0.004881375334014083 0.1678409216733284 1.7238925712429694
207 1449 -0.9788810211015518 -0.978860939577796 0.5052818975272526 0.9999760950385129 0.004881375334014083 0.1678409216733284 1.7238925712429694
208 1456 -0.9792032622494399 -0.9791986593254776 0.505181108325621 0.9999697612853581 0.005498599153644997 0.16642898749110485 1.7240275976706503
209 1463 -0.9792032622494399 -0.9791986593254776 0.505181108325621 0.9999697612853581 0.005498599153644997 0.16642898749110485 1.7240275976706503
210 1470 -0.9792032622494399 -0.9791986593254776 0.505181108325621 0.9999697612853581 0.005498599153644997 0.16642898749110485 1.7240275976706503
211 1477 -0.9722100225352 -0.9721660524023447 0.5069671240884858 0.9999675461192405 0.0056720571670339295 0.19261652495753132 1.7212979701611164
212 1484 -0.9722100225352 -0.9721660524023447 0.5069671240884858 0.9999675461192405 0.0056720571670339295 0.19261652495753132 1.7212979701611164
213 1491 -0.9722100225352 -0.9721660524023447 0.5069671240884858 0.9999675461192405 0.0056720571670339295 0.19261652495753132 1.7212979701611164
214 1498 -0.9752562535822604 -0.9751352091992407 0.506282516586353 0.9999673807985312 0.005499183761584235 0.1823698680037637 1.7224142911106624
215 1505 -0.9752562535822604 -0.9751352091992407 0.506282516586353 0.9999673807985312 0.005499183761584235 0.1823698680037637 1.7224142911106624
216 1512 -0.9752562535822604 -0.9751352091992407 0.506282516586353 0.9999673807985312 0.005499183761584235 0.1823698680037637 1.7224142911106624
217 1519 -0.9777733291815718 -0.9776337773569399 0.5056725914746144 0.9999684959271673 0.0052914037247593524 0.17309681702211419 1.7233715481530483
218 1526 -0.9777733291815718 -0.9776337773569399 0.5056725914746144 0.9999684959271673 0.0052914037247593524 0.17309681702211419 1.7233715481530483
219 1533 -0.9777733291815718 -0.9776337773569399 0.5056725914746144 0.9999684959271673 0.0052914037247593524 0.17309681702211419 1.7233715481530483
220 1540 -0.9892442015453238 -0.9891218653690934 0.5027884889900229 0.9999696042668313 0.004991052965720048 0.12105218720288173 1.727808281425833
221 1547 -0.9892442015453238 -0.9891218653690934 0.5027884889900229 0.9999696042668313 0.004991052965720048 0.12105218720288173 1.727808281425833
222 1554 -0.9892442015453238 -0.9891218653690934 0.5027884889900229 0.9999696042668313 0.004991052965720048 0.12105218720288173 1.727808281425833
223 1561 -0.9924526627234659 -0.992375921544784 0.5019354111771817 0.9999624475724884 0.005870906232300305 0.10126174818450896 1.7290782488987098
224 1568 -0.9924526627234659 -0.992375921544784 0.5019354111771817 0.9999624475724884 0.005870906232300305 0.10126174818450896 1.7290782488987098
225 1575 -0.9924526627234659 -0.992375921544784 0.5019354111771817 0.9999624475724884 0.005870906232300305 0.10126174818450896 1.7290782488987098
226 1582 -0.9957985955869003 -0.9957355126124696 0.5010847531664371 0.9999617587849753 0.00587576532421932 0.0758926326824782 1.730377352974309
227 1589 -0.9957985955869003 -0.9957355126124696 0.5010847531664371 0.9999617587849753 0.00587576532421932 0.0758926326824782 1.730377352974309
228 1596 -0.9957985955869003 -0.9957355126124696 0.5010847531664371 0.9999617587849753 0.00587576532421932 0.0758926326824782 1.730377352974309
229 1603 -0.996704469851212 -0.9966798254607441 0.5008149688328114 0.9999552558735286 0.006633767626246955 0.06666911927672711 1.7307545238022477
230 1610 -0.996704469851212 -0.9966798254607441 0.5008149688328114 0.9999552558735286 0.006633767626246955 0.06666911927672711 1.7307545238022477
231 1617 -0.996704469851212 -0.9966798254607441 0.5008149688328114 0.9999552558735286 0.006633767626246955 0.06666911927672711 1.7307545238022477
232 1624 -0.9974079057376939 -0.9974035263251171 0.5006089131201845 0.9999420135227083 0.007612901526330477 0.05871988924482382 1.7310384219703001
233 1631 -0.9974079057376939 -0.9974035263251171 0.5006089131201845 0.9999420135227083 0.007612901526330477 0.05871988924482382 1.7310384219703001
234 1638 -0.9974079057376939 -0.9974035263251171 0.5006089131201845 0.9999420135227083 0.007612901526330477 0.05871988924482382 1.7310384219703001
235 1645 -0.9978736702237943 -0.9978706927201231 0.5004875553725836 0.9999373272331479 0.007915529959605433 0.05312113246619705 1.731217920907408
236 1652 -0.9978736702237943 -0.9978706927201231 0.5004875553725836 0.9999373272331479 0.007915529959605433 0.05312113246619705 1.731217920907408
237 1659 -0.9978736702237943 -0.9978706927201231 0.5004875553725836 0.9999373272331479 0.007915529959605433 0.05312113246619705 1.731217920907408
