% # columns="iteration, evaluation, sigma, max axis length,  min axis length, all principal axes lengths  (sorted square roots of eigenvalues of C)", seed=887382, Thu Feb  6 02:34:34 2025
1 7 1.205574390150917e-10 1.0000333338888951 1.0 1.0 1.0000166668055563 1.0000333338888951
2 14 1.8329489169595576e-10 1.2517457228811901 0.9289665289365593 0.9289665289365593 1.022666140835247 1.2517457228811901
3 21 3.136596063404521e-10 1.4139384634122372 0.8772244527059005 0.8772244527059005 1.0542504909381323 1.4139384634122372
4 28 5.730060502600567e-10 1.565527903998702 0.8074575345465423 0.8074575345465423 1.1158326305331012 1.565527903998702
5 35 6.266926644436042e-10 1.7319292662447061 0.7379862892090003 0.7379862892090003 1.1799803434336473 1.7319292662447061
6 42 5.653199140305788e-10 1.5827459750216186 0.7107090661962635 0.7107090661962635 1.0780345964700928 1.5827459750216186
7 49 4.97242491616603e-10 1.4463834858006486 0.6896363146871581 0.6896363146871581 1.0019170990775852 1.4463834858006486
8 56 4.4421123173182587e-10 1.3218127736097274 0.6710290855134591 0.6710290855134591 0.9405038339936806 1.3218127736097274
9 63 4.022315462427908e-10 1.2080493309715707 0.6531906812101826 0.6531906812101826 0.8873517074814156 1.2080493309715707
10 70 3.670560735146136e-10 1.1041840079094567 0.6356194773739876 0.6356194773739876 0.8392655006560327 1.1041840079094567
11 77 2.9383343449476176e-10 1.0093894615435446 0.6182185542060329 0.6182185542060329 0.79472178811535 1.0093894615435446
12 84 2.7045936675724314e-10 0.9218277861026061 0.5926682219069866 0.5926682219069866 0.7121989755190209 0.9218277861026061
13 91 2.6924628664298684e-10 0.8522781623168317 0.5298490406965779 0.5298490406965779 0.7071973841607837 0.8522781623168317
14 98 2.713682773114749e-10 0.7959405711641719 0.477940334189831 0.477940334189831 0.7163805241928857 0.7959405711641719
15 105 3.3702082985503584e-10 0.7617422165237939 0.44137596172998567 0.44137596172998567 0.6902692951420795 0.7617422165237939
16 112 5.593768370420039e-10 1.0195589507786638 0.3868194533419483 0.3868194533419483 0.6957657003045615 1.0195589507786638
17 119 1.1320243043766067e-09 1.171909430348536 0.3527832424652812 0.3527832424652812 0.722100551858968 1.171909430348536
18 126 2.3995900820003923e-09 1.3132178014009261 0.3224425288467327 0.3224425288467327 0.7496266085642275 1.3132178014009261
19 133 3.741644751479753e-09 1.4633044344263737 0.29275355260312924 0.29275355260312924 0.7797120016682 1.4633044344263737
20 140 3.999510246842414e-09 1.4807103859897437 0.29111711467736706 0.29111711467736706 0.7007876235233348 1.4807103859897437
21 147 3.6363871817743818e-09 1.334477794810129 0.2837765761386493 0.2837765761386493 0.633501272772394 1.334477794810129
22 154 3.0756591716099358e-09 1.2033447770666006 0.2716239576784264 0.2716239576784264 0.5762051836684556 1.2033447770666006
23 161 2.608668217454351e-09 1.086242453095581 0.259588683611434 0.259588683611434 0.5213368612664966 1.086242453095581
24 168 2.1293792777671964e-09 0.9828106861536929 0.25084370291390806 0.25084370291390806 0.47101726817395584 0.9828106861536929
25 175 1.8739700737422085e-09 0.8872920781117913 0.24110662196319324 0.24110662196319324 0.42554221938255876 0.8872920781117913
26 182 1.5483140848216401e-09 0.820820816555337 0.24334868857322442 0.24334868857322442 0.372730750495659 0.820820816555337
27 189 1.3058054862268626e-09 0.7404617164540961 0.2322619589163383 0.2322619589163383 0.3421886582652756 0.7404617164540961
28 196 1.060445401593023e-09 0.6706764548461457 0.22585833104720224 0.22585833104720224 0.3105292381898361 0.6706764548461457
29 203 9.318048875244845e-10 0.6057557817810457 0.21681358416374497 0.21681358416374497 0.28180755886098613 0.6057557817810457
30 210 7.701154169179519e-10 0.5607463497492975 0.21940828356110154 0.21940828356110154 0.2467357732797089 0.5607463497492975
31 217 6.280538731141022e-10 0.5060553741542008 0.20506195827616672 0.20506195827616672 0.23149800716289756 0.5060553741542008
32 224 4.631025157969266e-10 0.47273197385336785 0.17182708113884623 0.17182708113884623 0.22682114847160612 0.47273197385336785
33 231 3.6988931532994575e-10 0.42630220108547545 0.16212686038256133 0.16212686038256133 0.20440182962104184 0.42630220108547545
34 238 2.7525844080312405e-10 0.40054547227382337 0.1378571652681387 0.1378571652681387 0.19446221837855054 0.40054547227382337
35 245 2.2110335301800168e-10 0.36718302879561143 0.12567592186893292 0.12567592186893292 0.1768619784027214 0.36718302879561143
36 252 1.8040830653613964e-10 0.3425486121387107 0.10808741299877618 0.10808741299877618 0.16710407167970767 0.3425486121387107
37 259 1.3380164094713683e-10 0.31878307516558607 0.09440248803195256 0.09440248803195256 0.15537667933618915 0.31878307516558607
38 266 1.1512754542044278e-10 0.29361349033839657 0.0848512058489443 0.0848512058489443 0.1426589150205547 0.29361349033839657
39 273 1.5724309735230834e-10 0.27615615459372195 0.07692302210282213 0.07692302210282213 0.13090948092896168 0.27615615459372195
40 280 2.2031198203079894e-10 0.2945200369453088 0.07710452387738714 0.07710452387738714 0.1299126598932745 0.2945200369453088
41 287 2.3356803826171433e-10 0.31531543480024804 0.06618119560172966 0.06618119560172966 0.13542666683810908 0.31531543480024804
42 294 2.2298451619821063e-10 0.2899105226392637 0.062020122325417384 0.062020122325417384 0.12183236053749535 0.2899105226392637
43 301 2.009755966496524e-10 0.27237138678258266 0.05416338752465688 0.05416338752465688 0.11496964084772231 0.27237138678258266
44 308 1.7868698503904398e-10 0.2581911250305042 0.04885441672814478 0.04885441672814478 0.10714643116792032 0.2581911250305042
45 315 1.602096156746559e-10 0.2428276226474021 0.04277330184842109 0.04277330184842109 0.1027850336585492 0.2428276226474021
46 322 1.504818046278317e-10 0.23672747391697505 0.037521424383389415 0.037521424383389415 0.09901243682892746 0.23672747391697505
47 329 1.3282043285927902e-10 0.2143259131657091 0.03590576461000318 0.03590576461000318 0.09555936215122972 0.2143259131657091
48 336 1.2100829975608608e-10 0.21606932528180056 0.032751218136258364 0.032751218136258364 0.08874353527107125 0.21606932528180056
49 343 1.1612978132665255e-10 0.19512326159414883 0.029462207234426586 0.029462207234426586 0.08932642720112044 0.19512326159414883
50 350 1.0218070963297683e-10 0.19001122539701396 0.027625765996780634 0.027625765996780634 0.0876288059570227 0.19001122539701396
51 357 9.197506321588268e-11 0.18964964258139447 0.02540713008243467 0.02540713008243467 0.07722559072008957 0.18964964258139447
52 364 9.639549960619902e-11 0.1796020336193223 0.023874337679413275 0.023874337679413275 0.0719506321885464 0.1796020336193223
53 371 8.876707272534647e-11 0.18345723301530983 0.022777309100087517 0.022777309100087517 0.07092633322092445 0.18345723301530983
54 378 8.03309282800111e-11 0.1776090058211969 0.02126779148371237 0.02126779148371237 0.06534118085751435 0.1776090058211969
55 385 7.31261184540807e-11 0.16604981623042345 0.020410566918007512 0.020410566918007512 0.06032035376350779 0.16604981623042345
